0.0000000 -0.0008307 0.0137243 0.2678187 0.0472333 0.2842175 0.3238972 0.0610177 0.0045459
0.0402010 -0.0008153 0.0138086 0.2682306 0.0466951 0.2840526 0.3245285 0.0605643 0.0045371
0.0804020 -0.0008000 0.0138934 0.2686440 0.0461569 0.2839005 0.3251436 0.0601114 0.0045281
0.1206030 -0.0007846 0.0139788 0.2690590 0.0456188 0.2837612 0.3257421 0.0596593 0.0045189
0.1608040 -0.0007692 0.0140647 0.2694757 0.0450810 0.2836347 0.3263236 0.0592079 0.0045094
0.2010050 -0.0007539 0.0141510 0.2698940 0.0445437 0.2835213 0.3268878 0.0587575 0.0044997
0.2412060 -0.0007386 0.0142378 0.2703139 0.0440070 0.2834208 0.3274345 0.0583081 0.0044898
0.2814070 -0.0007233 0.0143251 0.2707356 0.0434710 0.2833334 0.3279632 0.0578599 0.0044797
0.3216080 -0.0007080 0.0144126 0.2711589 0.0429359 0.2832592 0.3284738 0.0574129 0.0044693
0.3618090 -0.0006927 0.0145006 0.2715839 0.0424018 0.2831981 0.3289659 0.0569672 0.0044587
0.4020101 -0.0006775 0.0145888 0.2720106 0.0418688 0.2831502 0.3294392 0.0565230 0.0044479
0.4422111 -0.0006623 0.0146772 0.2724391 0.0413372 0.2831155 0.3298935 0.0560803 0.0044369
0.4824121 -0.0006472 0.0147659 0.2728693 0.0408070 0.2830941 0.3303286 0.0556393 0.0044257
0.5226131 -0.0006321 0.0148548 0.2733014 0.0402784 0.2830859 0.3307442 0.0552000 0.0044143
0.5628141 -0.0006170 0.0149438 0.2737352 0.0397515 0.2830908 0.3311400 0.0547626 0.0044026
0.6030151 -0.0006019 0.0150328 0.2741708 0.0392265 0.2831090 0.3315160 0.0543271 0.0043908
0.6432161 -0.0005870 0.0151220 0.2746082 0.0387035 0.2831402 0.3318719 0.0538936 0.0043787
0.6834171 -0.0005720 0.0152111 0.2750475 0.0381825 0.2831846 0.3322076 0.0534622 0.0043665
0.7236181 -0.0005572 0.0153002 0.2754887 0.0376639 0.2832421 0.3325228 0.0530331 0.0043540
0.7638191 -0.0005424 0.0153892 0.2759317 0.0371476 0.2833125 0.3328175 0.0526062 0.0043414
0.8040201 -0.0005276 0.0154781 0.2763766 0.0366338 0.2833958 0.3330914 0.0521818 0.0043286
0.8442211 -0.0005129 0.0155668 0.2768235 0.0361226 0.2834920 0.3333446 0.0517597 0.0043156
0.8844221 -0.0004983 0.0156553 0.2772722 0.0356142 0.2836009 0.3335768 0.0513402 0.0043024
0.9246231 -0.0004837 0.0157435 0.2777228 0.0351086 0.2837225 0.3337881 0.0509233 0.0042890
0.9648241 -0.0004693 0.0158315 0.2781754 0.0346061 0.2838566 0.3339782 0.0505091 0.0042755
1.0050251 -0.0004549 0.0159191 0.2786299 0.0341066 0.2840031 0.3341473 0.0500976 0.0042618
1.0452261 -0.0004405 0.0160063 0.2790863 0.0336103 0.2841619 0.3342952 0.0496889 0.0042479
1.0854271 -0.0004263 0.0160931 0.2795447 0.0331173 0.2843329 0.3344219 0.0492831 0.0042338
1.1256281 -0.0004121 0.0161795 0.2800051 0.0326278 0.2845159 0.3345274 0.0488803 0.0042197
1.1658291 -0.0003980 0.0162653 0.2804673 0.0321417 0.2847107 0.3346118 0.0484804 0.0042053
1.2060302 -0.0003840 0.0163506 0.2809315 0.0316593 0.2849173 0.3346749 0.0480836 0.0041908
1.2462312 -0.0003701 0.0164353 0.2813976 0.0311805 0.2851353 0.3347170 0.0476898 0.0041762
1.2864322 -0.0003563 0.0165193 0.2818657 0.0307056 0.2853648 0.3347380 0.0472993 0.0041614
1.3266332 -0.0003426 0.0166027 0.2823356 0.0302345 0.2856054 0.3347380 0.0469119 0.0041465
1.3668342 -0.0003290 0.0166854 0.2828075 0.0297674 0.2858569 0.3347171 0.0465278 0.0041315
1.4070352 -0.0003155 0.0167673 0.2832812 0.0293044 0.2861193 0.3346753 0.0461469 0.0041163
1.4472362 -0.0003021 0.0168484 0.2837567 0.0288454 0.2863922 0.3346129 0.0457694 0.0041010
1.4874372 -0.0002888 0.0169288 0.2842341 0.0283907 0.2866755 0.3345299 0.0453953 0.0040856
1.5276382 -0.0002755 0.0170082 0.2847133 0.0279402 0.2869690 0.3344264 0.0450245 0.0040701
1.5678392 -0.0002624 0.0170868 0.2851943 0.0274941 0.2872724 0.3343026 0.0446572 0.0040545
1.6080402 -0.0002494 0.0171644 0.2856770 0.0270523 0.2875855 0.3341588 0.0442933 0.0040388
1.6482412 -0.0002365 0.0172411 0.2861614 0.0266150 0.2879080 0.3339949 0.0439330 0.0040230
1.6884422 -0.0002238 0.0173167 0.2866475 0.0261823 0.2882398 0.3338113 0.0435761 0.0040071
1.7286432 -0.0002111 0.0173914 0.2871352 0.0257540 0.2885806 0.3336082 0.0432227 0.0039911
1.7688442 -0.0001985 0.0174650 0.2876245 0.0253304 0.2889300 0.3333858 0.0428730 0.0039750
1.8090452 -0.0001861 0.0175375 0.2881153 0.0249115 0.2892880 0.3331442 0.0425267 0.0039589
1.8492462 -0.0001738 0.0176089 0.2886076 0.0244973 0.2896542 0.3328838 0.0421841 0.0039427
1.8894472 -0.0001616 0.0176792 0.2891014 0.0240877 0.2900284 0.3326047 0.0418450 0.0039264
1.9296482 -0.0001495 0.0177483 0.2895964 0.0236830 0.2904102 0.3323073 0.0415096 0.0039101
1.9698492 -0.0001375 0.0178162 0.2900928 0.0232831 0.2907995 0.3319919 0.0411777 0.0038937
2.0100503 -0.0001256 0.0178829 0.2905905 0.0228880 0.2911959 0.3316586 0.0408495 0.0038773
2.0502513 -0.0001139 0.0179484 0.2910892 0.0224977 0.2915992 0.3313078 0.0405249 0.0038608
2.0904523 -0.0001023 0.0180126 0.2915891 0.0221123 0.2920092 0.3309398 0.0402039 0.0038443
2.1306533 -0.0000908 0.0180755 0.2920900 0.0217319 0.2924254 0.3305549 0.0398865 0.0038278
2.1708543 -0.0000794 0.0181372 0.2925919 0.0213563 0.2928477 0.3301534 0.0395728 0.0038112
2.2110553 -0.0000682 0.0181976 0.2930946 0.0209857 0.2932758 0.3297357 0.0392626 0.0037946
2.2512563 -0.0000571 0.0182566 0.2935980 0.0206200 0.2937094 0.3293020 0.0389561 0.0037779
2.2914573 -0.0000461 0.0183143 0.2941022 0.0202592 0.2941481 0.3288527 0.0386532 0.0037613
2.3316583 -0.0000352 0.0183707 0.2946070 0.0199034 0.2945918 0.3283881 0.0383538 0.0037447
2.3718593 -0.0000244 0.0184258 0.2951122 0.0195525 0.2950401 0.3279086 0.0380581 0.0037280
2.4120603 -0.0000138 0.0184794 0.2956179 0.0192065 0.2954928 0.3274145 0.0377659 0.0037113
2.4522613 -0.0000033 0.0185317 0.2961239 0.0188655 0.2959495 0.3269063 0.0374772 0.0036947
2.4924623 0.0000071 0.0185826 0.2966301 0.0185294 0.2964100 0.3263842 0.0371921 0.0036780
2.5326633 0.0000174 0.0186321 0.2971365 0.0181983 0.2968740 0.3258486 0.0369106 0.0036614
2.5728643 0.0000275 0.0186803 0.2976428 0.0178720 0.2973412 0.3252999 0.0366325 0.0036448
2.6130653 0.0000375 0.0187270 0.2981490 0.0175506 0.2978113 0.3247384 0.0363579 0.0036282
2.6532663 0.0000474 0.0187724 0.2986551 0.0172341 0.2982840 0.3241646 0.0360868 0.0036116
2.6934673 0.0000572 0.0188163 0.2991608 0.0169224 0.2987591 0.3235788 0.0358192 0.0035951
2.7336683 0.0000668 0.0188589 0.2996661 0.0166156 0.2992362 0.3229813 0.0355550 0.0035786
2.7738693 0.0000764 0.0189000 0.3001708 0.0163136 0.2997152 0.3223726 0.0352941 0.0035621
2.8140704 0.0000858 0.0189398 0.3006749 0.0160163 0.3001957 0.3217530 0.0350367 0.0035456
2.8542714 0.0000951 0.0189782 0.3011782 0.0157238 0.3006774 0.3211230 0.0347826 0.0035293
2.8944724 0.0001042 0.0190152 0.3016807 0.0154360 0.3011600 0.3204828 0.0345318 0.0035129
2.9346734 0.0001133 0.0190508 0.3021821 0.0151529 0.3016434 0.3198329 0.0342844 0.0034966
2.9748744 0.0001222 0.0190851 0.3026824 0.0148744 0.3021272 0.3191736 0.0340402 0.0034804
3.0150754 0.0001310 0.0191179 0.3031814 0.0146006 0.3026112 0.3185053 0.0337992 0.0034642
3.0552764 0.0001397 0.0191495 0.3036791 0.0143313 0.3030951 0.3178284 0.0335615 0.0034481
3.0954774 0.0001482 0.0191796 0.3041753 0.0140666 0.3035786 0.3171432 0.0333270 0.0034320
3.1356784 0.0001567 0.0192085 0.3046698 0.0138064 0.3040615 0.3164502 0.0330956 0.0034160
3.1758794 0.0001650 0.0192360 0.3051627 0.0135506 0.3045435 0.3157496 0.0328674 0.0034001
3.2160804 0.0001732 0.0192622 0.3056536 0.0132993 0.3050244 0.3150418 0.0326423 0.0033842
3.2562814 0.0001813 0.0192871 0.3061426 0.0130523 0.3055039 0.3143273 0.0324202 0.0033684
3.2964824 0.0001893 0.0193107 0.3066296 0.0128097 0.3059818 0.3136062 0.0322012 0.0033527
3.3366834 0.0001972 0.0193331 0.3071142 0.0125713 0.3064579 0.3128791 0.0319851 0.0033371
3.3768844 0.0002050 0.0193541 0.3075966 0.0123372 0.3069319 0.3121462 0.0317721 0.0033216
3.4170854 0.0002126 0.0193740 0.3080765 0.0121073 0.3074035 0.3114079 0.0315620 0.0033061
3.4572864 0.0002202 0.0193926 0.3085538 0.0118815 0.3078727 0.3106644 0.0313548 0.0032908
3.4974874 0.0002276 0.0194099 0.3090284 0.0116598 0.3083390 0.3099162 0.0311505 0.0032755
3.5376884 0.0002349 0.0194261 0.3095002 0.0114422 0.3088023 0.3091635 0.0309491 0.0032603
3.5778894 0.0002422 0.0194411 0.3099690 0.0112285 0.3092624 0.3084067 0.0307504 0.0032452
3.6180905 0.0002493 0.0194550 0.3104349 0.0110188 0.3097191 0.3076461 0.0305545 0.0032302
3.6582915 0.0002563 0.0194677 0.3108975 0.0108130 0.3101722 0.3068819 0.0303614 0.0032153
3.6984925 0.0002632 0.0194792 0.3113569 0.0106110 0.3106214 0.3061146 0.0301710 0.0032005
3.7386935 0.0002700 0.0194897 0.3118128 0.0104128 0.3110666 0.3053442 0.0299832 0.0031858
3.7788945 0.0002767 0.0194990 0.3122653 0.0102184 0.3115075 0.3045713 0.0297981 0.0031712
3.8190955 0.0002833 0.0195073 0.3127142 0.0100276 0.3119440 0.3037959 0.0296157 0.0031567
3.8592965 0.0002898 0.0195145 0.3131593 0.0098405 0.3123758 0.3030185 0.0294358 0.0031423
3.8994975 0.0002963 0.0195207 0.3136006 0.0096570 0.3128029 0.3022392 0.0292584 0.0031281
3.9396985 0.0003026 0.0195259 0.3140380 0.0094770 0.3132249 0.3014583 0.0290835 0.0031139
3.9798995 0.0003088 0.0195301 0.3144714 0.0093004 0.3136418 0.3006760 0.0289112 0.0030998
4.0201005 0.0003149 0.0195333 0.3149006 0.0091273 0.3140534 0.2998927 0.0287412 0.0030858
4.0603015 0.0003210 0.0195355 0.3153256 0.0089575 0.3144594 0.2991085 0.0285737 0.0030720
4.1005025 0.0003269 0.0195368 0.3157462 0.0087911 0.3148598 0.2983236 0.0284085 0.0030582
4.1407035 0.0003328 0.0195371 0.3161625 0.0086279 0.3152543 0.2975384 0.0282457 0.0030446
4.1809045 0.0003386 0.0195366 0.3165742 0.0084679 0.3156428 0.2967529 0.0280852 0.0030311
4.2211055 0.0003442 0.0195352 0.3169813 0.0083111 0.3160252 0.2959674 0.0279270 0.0030177
4.2613065 0.0003498 0.0195329 0.3173837 0.0081574 0.3164013 0.2951821 0.0277710 0.0030043
4.3015075 0.0003554 0.0195297 0.3177813 0.0080068 0.3167709 0.2943971 0.0276172 0.0029912
4.3417085 0.0003608 0.0195258 0.3181741 0.0078591 0.3171340 0.2936127 0.0274656 0.0029781
4.3819095 0.0003661 0.0195210 0.3185619 0.0077144 0.3174903 0.2928291 0.0273161 0.0029651
4.4221106 0.0003714 0.0195154 0.3189447 0.0075726 0.3178398 0.2920463 0.0271687 0.0029523
4.4623116 0.0003766 0.0195090 0.3193223 0.0074337 0.3181823 0.2912645 0.0270234 0.0029395
4.5025126 0.0003817 0.0195019 0.3196948 0.0072975 0.3185177 0.2904840 0.0268802 0.0029269
4.5427136 0.0003867 0.0194941 0.3200620 0.0071641 0.3188458 0.2897047 0.0267390 0.0029144
4.5829146 0.0003917 0.0194855 0.3204239 0.0070334 0.3191665 0.2889270 0.0265997 0.0029020
4.6231156 0.0003966 0.0194762 0.3207804 0.0069053 0.3194798 0.2881508 0.0264624 0.0028897
4.6633166 0.0004014 0.0194663 0.3211314 0.0067799 0.3197855 0.2873763 0.0263270 0.0028775
4.7035176 0.0004061 0.0194556 0.3214769 0.0066569 0.3200834 0.2866037 0.0261935 0.0028654
4.7437186 0.0004108 0.0194443 0.3218167 0.0065365 0.3203736 0.2858330 0.0260618 0.0028535
4.7839196 0.0004154 0.0194324 0.3221509 0.0064186 0.3206558 0.2850643 0.0259320 0.0028416
4.8241206 0.0004199 0.0194198 0.3224794 0.0063031 0.3209300 0.2842977 0.0258040 0.0028299
4.8643216 0.0004244 0.0194066 0.3228021 0.0061899 0.3211960 0.2835334 0.0256777 0.0028183
4.9045226 0.0004288 0.0193928 0.3231190 0.0060791 0.3214539 0.2827713 0.0255531 0.0028068
4.9447236 0.0004331 0.0193785 0.3234300 0.0059705 0.3217034 0.2820115 0.0254302 0.0027954
4.9849246 0.0004374 0.0193635 0.3237350 0.0058642 0.3219445 0.2812542 0.0253090 0.0027841
5.0251256 0.0004416 0.0193481 0.3240341 0.0057600 0.3221771 0.2804993 0.0251895 0.0027729
5.0653266 0.0004458 0.0193320 0.3243271 0.0056580 0.3224011 0.2797470 0.0250715 0.0027618
5.1055276 0.0004499 0.0193155 0.3246141 0.0055581 0.3226164 0.2789972 0.0249551 0.0027508
5.1457286 0.0004539 0.0192984 0.3248949 0.0054603 0.3228230 0.2782500 0.0248403 0.0027399
5.1859296 0.0004579 0.0192808 0.3251695 0.0053645 0.3230207 0.2775054 0.0247270 0.0027292
5.2261307 0.0004618 0.0192627 0.3254379 0.0052706 0.3232096 0.2767635 0.0246152 0.0027185
5.2663317 0.0004657 0.0192441 0.3257001 0.0051787 0.3233894 0.2760242 0.0245048 0.0027079
5.3065327 0.0004695 0.0192251 0.3259560 0.0050887 0.3235601 0.2752877 0.0243959 0.0026974
5.3467337 0.0004732 0.0192056 0.3262055 0.0050006 0.3237217 0.2745538 0.0242883 0.0026871
5.3869347 0.0004769 0.0191856 0.3264488 0.0049143 0.3238741 0.2738227 0.0241822 0.0026768
5.4271357 0.0004806 0.0191652 0.3266856 0.0048297 0.3240172 0.2730942 0.0240774 0.0026666
5.4673367 0.0004842 0.0191444 0.3269159 0.0047469 0.3241509 0.2723684 0.0239739 0.0026565
5.5075377 0.0004878 0.0191231 0.3271399 0.0046659 0.3242752 0.2716453 0.0238717 0.0026465
5.5477387 0.0004913 0.0191014 0.3273573 0.0045865 0.3243900 0.2709249 0.0237707 0.0026366
5.5879397 0.0004948 0.0190793 0.3275683 0.0045087 0.3244953 0.2702071 0.0236710 0.0026268
5.6281407 0.0004982 0.0190568 0.3277727 0.0044326 0.3245909 0.2694919 0.0235726 0.0026171
5.6683417 0.0005016 0.0190339 0.3279705 0.0043580 0.3246769 0.2687793 0.0234752 0.0026075
5.7085427 0.0005049 0.0190106 0.3281618 0.0042850 0.3247531 0.2680693 0.0233791 0.0025980
5.7487437 0.0005082 0.0189870 0.3283464 0.0042134 0.3248195 0.2673618 0.0232841 0.0025885
5.7889447 0.0005115 0.0189629 0.3285245 0.0041434 0.3248761 0.2666567 0.0231902 0.0025792
5.8291457 0.0005147 0.0189385 0.3286958 0.0040747 0.3249227 0.2659540 0.0230973 0.0025699
5.8693467 0.0005179 0.0189137 0.3288605 0.0040075 0.3249594 0.2652537 0.0230055 0.0025607
5.9095477 0.0005210 0.0188886 0.3290185 0.0039417 0.3249860 0.2645557 0.0229148 0.0025516
5.9497487 0.0005241 0.0188631 0.3291699 0.0038772 0.3250025 0.2638599 0.0228250 0.0025425
5.9899497 0.0005272 0.0188373 0.3293144 0.0038141 0.3250089 0.2631664 0.0227362 0.0025336
6.0301508 0.0005303 0.0188111 0.3294523 0.0037522 0.3250051 0.2624749 0.0226484 0.0025247
6.0703518 0.0005333 0.0187845 0.3295834 0.0036916 0.3249911 0.2617855 0.0225615 0.0025159
6.1105528 0.0005362 0.0187576 0.3297077 0.0036323 0.3249668 0.2610981 0.0224755 0.0025071
6.1507538 0.0005392 0.0187304 0.3298252 0.0035741 0.3249321 0.2604125 0.0223903 0.0024985
6.1909548 0.0005421 0.0187029 0.3299359 0.0035172 0.3248869 0.2597288 0.0223061 0.0024899
6.2311558 0.0005450 0.0186750 0.3300399 0.0034614 0.3248314 0.2590469 0.0222226 0.0024813
6.2713568 0.0005478 0.0186468 0.3301370 0.0034067 0.3247653 0.2583666 0.0221400 0.0024729
6.3115578 0.0005507 0.0186182 0.3302272 0.0033531 0.3246887 0.2576878 0.0220581 0.0024645
6.3517588 0.0005535 0.0185893 0.3303107 0.0033006 0.3246014 0.2570106 0.0219771 0.0024561
6.3919598 0.0005563 0.0185601 0.3303872 0.0032492 0.3245035 0.2563347 0.0218967 0.0024479
6.4321608 0.0005590 0.0185306 0.3304569 0.0031988 0.3243949 0.2556602 0.0218171 0.0024397
6.4723618 0.0005617 0.0185007 0.3305198 0.0031494 0.3242756 0.2549868 0.0217381 0.0024315
6.5125628 0.0005644 0.0184705 0.3305757 0.0031010 0.3241454 0.2543146 0.0216598 0.0024234
6.5527638 0.0005671 0.0184400 0.3306248 0.0030536 0.3240044 0.2536434 0.0215822 0.0024154
6.5929648 0.0005698 0.0184092 0.3306669 0.0030071 0.3238524 0.2529730 0.0215052 0.0024074
6.6331658 0.0005724 0.0183780 0.3307022 0.0029616 0.3236895 0.2523035 0.0214288 0.0023995
6.6733668 0.0005751 0.0183465 0.3307305 0.0029169 0.3235157 0.2516348 0.0213530 0.0023916
6.7135678 0.0005777 0.0183147 0.3307519 0.0028732 0.3233307 0.2509666 0.0212778 0.0023837
6.7537688 0.0005802 0.0182826 0.3307664 0.0028302 0.3231347 0.2502989 0.0212031 0.0023760
6.7939698 0.0005828 0.0182501 0.3307739 0.0027882 0.3229276 0.2496316 0.0211289 0.0023682
6.8341709 0.0005854 0.0182173 0.3307745 0.0027469 0.3227092 0.2489646 0.0210552 0.0023605
6.8743719 0.0005879 0.0181842 0.3307682 0.0027065 0.3224797 0.2482977 0.0209820 0.0023529
6.9145729 0.0005904 0.0181507 0.3307549 0.0026669 0.3222388 0.2476310 0.0209092 0.0023453
6.9547739 0.0005929 0.0181169 0.3307346 0.0026280 0.3219866 0.2469642 0.0208369 0.0023377
6.9949749 0.0005954 0.0180827 0.3307074 0.0025899 0.3217231 0.2462972 0.0207650 0.0023302
7.0351759 0.0005979 0.0180483 0.3306732 0.0025525 0.3214482 0.2456300 0.0206935 0.0023227
7.0753769 0.0006004 0.0180134 0.3306320 0.0025158 0.3211618 0.2449624 0.0206224 0.0023152
7.1155779 0.0006028 0.0179783 0.3305839 0.0024798 0.3208639 0.2442943 0.0205517 0.0023078
7.1557789 0.0006053 0.0179427 0.3305287 0.0024446 0.3205544 0.2436256 0.0204813 0.0023004
7.1959799 0.0006077 0.0179069 0.3304666 0.0024099 0.3202334 0.2429562 0.0204112 0.0022930
7.2361809 0.0006101 0.0178707 0.3303976 0.0023760 0.3199007 0.2422860 0.0203415 0.0022857
7.2763819 0.0006126 0.0178341 0.3303215 0.0023427 0.3195564 0.2416148 0.0202720 0.0022784
7.3165829 0.0006150 0.0177972 0.3302384 0.0023100 0.3192004 0.2409426 0.0202028 0.0022711
7.3567839 0.0006174 0.0177599 0.3301483 0.0022779 0.3188326 0.2402693 0.0201339 0.0022638
7.3969849 0.0006198 0.0177222 0.3300513 0.0022464 0.3184530 0.2395947 0.0200652 0.0022566
7.4371859 0.0006222 0.0176842 0.3299472 0.0022155 0.3180616 0.2389187 0.0199967 0.0022494
7.4773869 0.0006245 0.0176458 0.3298361 0.0021852 0.3176584 0.2382412 0.0199284 0.0022422
7.5175879 0.0006269 0.0176070 0.3297181 0.0021554 0.3172432 0.2375621 0.0198603 0.0022350
7.5577889 0.0006293 0.0175678 0.3295930 0.0021261 0.3168161 0.2368814 0.0197924 0.0022278
7.5979899 0.0006317 0.0175283 0.3294610 0.0020974 0.3163771 0.2361988 0.0197247 0.0022207
7.6381910 0.0006340 0.0174884 0.3293219 0.0020693 0.3159260 0.2355143 0.0196570 0.0022136
7.6783920 0.0006364 0.0174481 0.3291759 0.0020416 0.3154629 0.2348278 0.0195895 0.0022064
7.7185930 0.0006388 0.0174074 0.3290228 0.0020144 0.3149877 0.2341391 0.0195221 0.0021993
7.7587940 0.0006411 0.0173663 0.3288628 0.0019877 0.3145005 0.2334483 0.0194549 0.0021922
7.7989950 0.0006435 0.0173248 0.3286958 0.0019615 0.3140011 0.2327551 0.0193876 0.0021851
7.8391960 0.0006459 0.0172829 0.3285218 0.0019357 0.3134896 0.2320595 0.0193205 0.0021781
7.8793970 0.0006482 0.0172406 0.3283408 0.0019104 0.3129659 0.2313613 0.0192534 0.0021710
7.9195980 0.0006506 0.0171980 0.3281528 0.0018855 0.3124300 0.2306606 0.0191863 0.0021639
7.9597990 0.0006530 0.0171548 0.3279579 0.0018611 0.3118819 0.2299571 0.0191193 0.0021568
8.0000000 0.0006553 0.0171113 0.3277560 0.0018371 0.3113215 0.2292508 0.0190523 0.0021498
